1
soThereshold
	1	2	3	4
1	5 	0 	0 	0 
2	3 	1 	0 	1 
3	0 	1 	4 	0 
4	0 	2 	0 	3 
Reconhecimento 65.00 porcento
------------------------------------------------------------------------
2
soThereshold
	1	2	3	4
1	5 	0 	0 	0 
2	3 	1 	1 	0 
3	0 	2 	3 	0 
4	0 	2 	2 	1 
Reconhecimento 50.00 porcento
------------------------------------------------------------------------
3
soThereshold
	1	2	3	4
1	5 	0 	0 	0 
2	3 	2 	0 	0 
3	0 	2 	3 	0 
4	0 	2 	0 	3 
Reconhecimento 65.00 porcento
------------------------------------------------------------------------
4
soThereshold
	1	2	3	4
1	5 	0 	0 	0 
2	3 	1 	1 	0 
3	0 	2 	3 	0 
4	0 	2 	1 	2 
Reconhecimento 55.00 porcento
------------------------------------------------------------------------
5
soThereshold
	1	2	3	4
1	5 	0 	0 	0 
2	3 	2 	0 	0 
3	0 	2 	3 	0 
4	0 	2 	1 	2 
Reconhecimento 60.00 porcento
------------------------------------------------------------------------
6
soThereshold
	1	2	3	4
1	5 	0 	0 	0 
2	3 	2 	0 	0 
3	0 	2 	1 	2 
4	0 	2 	3 	0 
Reconhecimento 40.00 porcento
------------------------------------------------------------------------
7
soThereshold
	1	2	3	4
1	5 	0 	0 	0 
2	4 	1 	0 	0 
3	0 	2 	3 	0 
4	0 	2 	2 	1 
Reconhecimento 50.00 porcento
------------------------------------------------------------------------
________________________________________________________________________
1
DividindoImagemEm4
	1	2	3	4
1	5 	0 	0 	0 
2	2 	0 	1 	2 
3	0 	0 	4 	1 
4	0 	0 	1 	4 
Reconhecimento 65.00 porcento
------------------------------------------------------------------------
2
DividindoImagemEm4
	1	2	3	4
1	5 	0 	0 	0 
2	2 	2 	0 	1 
3	0 	0 	4 	1 
4	0 	0 	3 	2 
Reconhecimento 65.00 porcento
------------------------------------------------------------------------
3
DividindoImagemEm4
	1	2	3	4
1	5 	0 	0 	0 
2	2 	2 	0 	1 
3	0 	0 	4 	1 
4	0 	0 	3 	2 
Reconhecimento 65.00 porcento
------------------------------------------------------------------------
4
DividindoImagemEm4
	1	2	3	4
1	5 	0 	0 	0 
2	3 	2 	0 	0 
3	1 	0 	4 	0 
4	1 	1 	2 	1 
Reconhecimento 60.00 porcento
------------------------------------------------------------------------
5
DividindoImagemEm4
	1	2	3	4
1	5 	0 	0 	0 
2	3 	2 	0 	0 
3	1 	0 	4 	0 
4	1 	1 	3 	0 
Reconhecimento 55.00 porcento
------------------------------------------------------------------------
6
DividindoImagemEm4
	1	2	3	4
1	5 	0 	0 	0 
2	3 	2 	0 	0 
3	1 	0 	4 	0 
4	1 	1 	3 	0 
Reconhecimento 55.00 porcento
------------------------------------------------------------------------
7
DividindoImagemEm4
	1	2	3	4
1	5 	0 	0 	0 
2	3 	2 	0 	0 
3	1 	0 	4 	0 
4	1 	1 	3 	0 
Reconhecimento 55.00 porcento
------------------------------------------------------------------------
________________________________________________________________________
1
DividindoImagemEm46hu
	0
0	0 
Reconhecimento -0.00 porcento
------------------------------------------------------------------------
2
DividindoImagemEm46hu
	0
0	0 
Reconhecimento -0.00 porcento
------------------------------------------------------------------------
3
DividindoImagemEm46hu
	0
0	0 
Reconhecimento -0.00 porcento
------------------------------------------------------------------------
4
DividindoImagemEm46hu
	0
0	0 
Reconhecimento -0.00 porcento
------------------------------------------------------------------------
5
DividindoImagemEm46hu
	0
0	0 
Reconhecimento -0.00 porcento
------------------------------------------------------------------------
6
DividindoImagemEm46hu
	0
0	0 
Reconhecimento -0.00 porcento
------------------------------------------------------------------------
7
DividindoImagemEm46hu
	0
0	0 
Reconhecimento -0.00 porcento
------------------------------------------------------------------------
________________________________________________________________________
1
DividindoImagemEm46hu
	1	2	3	4
1	5 	0 	0 	0 
2	2 	0 	1 	2 
3	0 	0 	4 	1 
4	0 	0 	1 	4 
Reconhecimento 65.00 porcento
------------------------------------------------------------------------
2
DividindoImagemEm46hu
	1	2	3	4
1	5 	0 	0 	0 
2	2 	2 	0 	1 
3	0 	0 	4 	1 
4	0 	0 	3 	2 
Reconhecimento 65.00 porcento
------------------------------------------------------------------------
3
DividindoImagemEm46hu
	1	2	3	4
1	5 	0 	0 	0 
2	2 	2 	0 	1 
3	0 	0 	4 	1 
4	0 	0 	3 	2 
Reconhecimento 65.00 porcento
------------------------------------------------------------------------
4
DividindoImagemEm46hu
	1	2	3	4
1	5 	0 	0 	0 
2	3 	2 	0 	0 
3	1 	0 	4 	0 
4	1 	1 	2 	1 
Reconhecimento 60.00 porcento
------------------------------------------------------------------------
5
DividindoImagemEm46hu
	1	2	3	4
1	5 	0 	0 	0 
2	3 	2 	0 	0 
3	1 	0 	4 	0 
4	1 	1 	3 	0 
Reconhecimento 55.00 porcento
------------------------------------------------------------------------
6
DividindoImagemEm46hu
	1	2	3	4
1	5 	0 	0 	0 
2	3 	2 	0 	0 
3	1 	0 	4 	0 
4	1 	1 	3 	0 
Reconhecimento 55.00 porcento
------------------------------------------------------------------------
7
DividindoImagemEm46hu
	1	2	3	4
1	5 	0 	0 	0 
2	3 	2 	0 	0 
3	1 	0 	4 	0 
4	1 	1 	3 	0 
Reconhecimento 55.00 porcento
------------------------------------------------------------------------
________________________________________________________________________
1
teste
	1	2	3	4
1	5 	0 	0 	0 
2	2 	0 	1 	2 
3	0 	0 	4 	1 
4	0 	0 	1 	4 
Reconhecimento 65.00 porcento
------------------------------------------------------------------------
2
teste
	1	2	3	4
1	5 	0 	0 	0 
2	2 	2 	0 	1 
3	0 	0 	4 	1 
4	0 	0 	3 	2 
Reconhecimento 65.00 porcento
------------------------------------------------------------------------
3
teste
	1	2	3	4
1	5 	0 	0 	0 
2	2 	2 	0 	1 
3	0 	0 	4 	1 
4	0 	0 	3 	2 
Reconhecimento 65.00 porcento
------------------------------------------------------------------------
4
teste
	1	2	3	4
1	5 	0 	0 	0 
2	3 	2 	0 	0 
3	1 	0 	4 	0 
4	1 	1 	2 	1 
Reconhecimento 60.00 porcento
------------------------------------------------------------------------
5
teste
	1	2	3	4
1	5 	0 	0 	0 
2	3 	2 	0 	0 
3	1 	0 	4 	0 
4	1 	1 	3 	0 
Reconhecimento 55.00 porcento
------------------------------------------------------------------------
6
teste
	1	2	3	4
1	5 	0 	0 	0 
2	3 	2 	0 	0 
3	1 	0 	4 	0 
4	1 	1 	3 	0 
Reconhecimento 55.00 porcento
------------------------------------------------------------------------
7
teste
	1	2	3	4
1	5 	0 	0 	0 
2	3 	2 	0 	0 
3	1 	0 	4 	0 
4	1 	1 	3 	0 
Reconhecimento 55.00 porcento
------------------------------------------------------------------------
________________________________________________________________________
1
teste
	1	2	3	4
1	5 	0 	0 	0 
2	2 	0 	1 	2 
3	0 	0 	4 	1 
4	0 	0 	1 	4 
Reconhecimento 65.00 porcento
------------------------------------------------------------------------
2
teste
	1	2	3	4
1	5 	0 	0 	0 
2	2 	2 	0 	1 
3	0 	0 	4 	1 
4	0 	0 	3 	2 
Reconhecimento 65.00 porcento
------------------------------------------------------------------------
3
teste
	1	2	3	4
1	5 	0 	0 	0 
2	2 	2 	0 	1 
3	0 	0 	4 	1 
4	0 	0 	3 	2 
Reconhecimento 65.00 porcento
------------------------------------------------------------------------
4
teste
	1	2	3	4
1	5 	0 	0 	0 
2	3 	2 	0 	0 
3	1 	0 	4 	0 
4	1 	1 	2 	1 
Reconhecimento 60.00 porcento
------------------------------------------------------------------------
5
teste
	1	2	3	4
1	5 	0 	0 	0 
2	3 	2 	0 	0 
3	1 	0 	4 	0 
4	1 	1 	3 	0 
Reconhecimento 55.00 porcento
------------------------------------------------------------------------
6
teste
	1	2	3	4
1	5 	0 	0 	0 
2	3 	2 	0 	0 
3	1 	0 	4 	0 
4	1 	1 	3 	0 
Reconhecimento 55.00 porcento
------------------------------------------------------------------------
7
teste
	1	2	3	4
1	5 	0 	0 	0 
2	3 	2 	0 	0 
3	1 	0 	4 	0 
4	1 	1 	3 	0 
Reconhecimento 55.00 porcento
------------------------------------------------------------------------
________________________________________________________________________
1
histograma
	0
0	0 
Reconhecimento -0.00 porcento
------------------------------------------------------------------------
2
histograma
	0
0	0 
Reconhecimento -0.00 porcento
------------------------------------------------------------------------
3
histograma
	0
0	0 
Reconhecimento -0.00 porcento
------------------------------------------------------------------------
4
histograma
	0
0	0 
Reconhecimento -0.00 porcento
------------------------------------------------------------------------
5
histograma
	0
0	0 
Reconhecimento -0.00 porcento
------------------------------------------------------------------------
6
histograma
	0
0	0 
Reconhecimento -0.00 porcento
------------------------------------------------------------------------
7
histograma
	0
0	0 
Reconhecimento -0.00 porcento
------------------------------------------------------------------------
________________________________________________________________________
1
histograma
	1	2	3	4
1	2 	0 	0 	0 
2	0 	0 	0 	0 
3	0 	0 	0 	0 
4	0 	0 	0 	0 
Reconhecimento 10.00 porcento
------------------------------------------------------------------------
2
histograma
	1	2	3	4
1	2 	0 	0 	0 
2	0 	0 	0 	0 
3	0 	0 	0 	0 
4	0 	0 	0 	0 
Reconhecimento 10.00 porcento
------------------------------------------------------------------------
3
histograma
	1	2	3	4
1	2 	0 	0 	0 
2	0 	0 	0 	0 
3	0 	0 	0 	0 
4	0 	0 	0 	0 
Reconhecimento 10.00 porcento
------------------------------------------------------------------------
4
histograma
	1	2	3	4
1	2 	0 	0 	0 
2	0 	0 	0 	0 
3	0 	0 	0 	0 
4	0 	0 	0 	0 
Reconhecimento 10.00 porcento
------------------------------------------------------------------------
5
histograma
	1	2	3	4
1	2 	0 	0 	0 
2	0 	0 	0 	0 
3	0 	0 	0 	0 
4	0 	0 	0 	0 
Reconhecimento 10.00 porcento
------------------------------------------------------------------------
6
histograma
	1	2	3	4
1	2 	0 	0 	0 
2	0 	0 	0 	0 
3	0 	0 	0 	0 
4	0 	0 	0 	0 
Reconhecimento 10.00 porcento
------------------------------------------------------------------------
7
histograma
	1	2	3	4
1	2 	0 	0 	0 
2	0 	0 	0 	0 
3	0 	0 	0 	0 
4	0 	0 	0 	0 
Reconhecimento 10.00 porcento
------------------------------------------------------------------------
________________________________________________________________________
	1	2	3	4
1	2 	0 	0 	0 
2	0 	0 	0 	0 
3	0 	0 	0 	0 
4	0 	0 	0 	0 
Reconhecimento 10.00 porcento
------------------------------------------------------------------------
	1	2	3	4
1	2 	0 	0 	0 
2	0 	0 	0 	0 
3	0 	0 	0 	0 
4	0 	0 	0 	0 
Reconhecimento 10.00 porcento
------------------------------------------------------------------------
	1	2	3	4
1	2 	0 	0 	0 
2	0 	0 	0 	0 
3	0 	0 	0 	0 
4	0 	0 	0 	0 
Reconhecimento 10.00 porcento
------------------------------------------------------------------------
	1	2	3	4
1	2 	0 	0 	0 
2	0 	0 	0 	0 
3	0 	0 	0 	0 
4	0 	0 	0 	0 
Reconhecimento 10.00 porcento
------------------------------------------------------------------------
	1	2	3	4
1	2 	0 	0 	0 
2	0 	0 	0 	0 
3	0 	0 	0 	0 
4	0 	0 	0 	0 
Reconhecimento 10.00 porcento
------------------------------------------------------------------------
	1	2	3	4
1	2 	0 	0 	0 
2	0 	0 	0 	0 
3	0 	0 	0 	0 
4	0 	0 	0 	0 
Reconhecimento 10.00 porcento
------------------------------------------------------------------------
	1	2	3	4
1	2 	0 	0 	0 
2	0 	0 	0 	0 
3	0 	0 	0 	0 
4	0 	0 	0 	0 
Reconhecimento 10.00 porcento
------------------------------------------------------------------------
	1	2	3	4
1	2 	0 	0 	0 
2	0 	0 	0 	0 
3	0 	0 	0 	0 
4	0 	0 	0 	0 
Reconhecimento 10.00 porcento
------------------------------------------------------------------------
	1	2	3	4
1	2 	0 	0 	0 
2	0 	0 	0 	0 
3	0 	0 	0 	0 
4	0 	0 	0 	0 
Reconhecimento 10.00 porcento
------------------------------------------------------------------------
	1	2	3	4
1	2 	0 	0 	0 
2	0 	0 	0 	0 
3	0 	0 	0 	0 
4	0 	0 	0 	0 
Reconhecimento 10.00 porcento
------------------------------------------------------------------------
	1	2	3	4
1	2 	0 	0 	0 
2	0 	0 	0 	0 
3	0 	0 	0 	0 
4	0 	0 	0 	0 
Reconhecimento 10.00 porcento
------------------------------------------------------------------------
	1	2	3	4
1	2 	0 	0 	0 
2	0 	0 	0 	0 
3	0 	0 	0 	0 
4	0 	0 	0 	0 
Reconhecimento 10.00 porcento
------------------------------------------------------------------------
	1	2	3	4
1	2 	0 	0 	0 
2	0 	0 	0 	0 
3	0 	0 	0 	0 
4	0 	0 	0 	0 
Reconhecimento 10.00 porcento
------------------------------------------------------------------------
	1	2	3	4
1	2 	0 	0 	0 
2	0 	0 	0 	0 
3	0 	0 	0 	0 
4	0 	0 	0 	0 
Reconhecimento 10.00 porcento
------------------------------------------------------------------------
	0
0	0 
Reconhecimento -0.00 porcento
------------------------------------------------------------------------
	0
0	0 
Reconhecimento -0.00 porcento
------------------------------------------------------------------------
	0
0	0 
Reconhecimento -0.00 porcento
------------------------------------------------------------------------
	0
0	0 
Reconhecimento -0.00 porcento
------------------------------------------------------------------------
	0
0	0 
Reconhecimento -0.00 porcento
------------------------------------------------------------------------
	0
0	0 
Reconhecimento -0.00 porcento
------------------------------------------------------------------------
	0
0	0 
Reconhecimento -0.00 porcento
------------------------------------------------------------------------
	1	2	3	4
1	2 	0 	0 	0 
2	0 	0 	0 	0 
3	0 	0 	0 	0 
4	0 	0 	0 	0 
Reconhecimento 10.00 porcento
------------------------------------------------------------------------
	1	2	3	4
1	2 	0 	0 	0 
2	0 	0 	0 	0 
3	0 	0 	0 	0 
4	0 	0 	0 	0 
Reconhecimento 10.00 porcento
------------------------------------------------------------------------
	1	2	3	4
1	2 	0 	0 	0 
2	0 	0 	0 	0 
3	0 	0 	0 	0 
4	0 	0 	0 	0 
Reconhecimento 10.00 porcento
------------------------------------------------------------------------
	1	2	3	4
1	2 	0 	0 	0 
2	0 	0 	0 	0 
3	0 	0 	0 	0 
4	0 	0 	0 	0 
Reconhecimento 10.00 porcento
------------------------------------------------------------------------
	1	2	3	4
1	2 	0 	0 	0 
2	0 	0 	0 	0 
3	0 	0 	0 	0 
4	0 	0 	0 	0 
Reconhecimento 10.00 porcento
------------------------------------------------------------------------
	1	2	3	4
1	2 	0 	0 	0 
2	0 	0 	0 	0 
3	0 	0 	0 	0 
4	0 	0 	0 	0 
Reconhecimento 10.00 porcento
------------------------------------------------------------------------
	1	2	3	4
1	2 	0 	0 	0 
2	0 	0 	0 	0 
3	0 	0 	0 	0 
4	0 	0 	0 	0 
Reconhecimento 10.00 porcento
------------------------------------------------------------------------
	1	2	3	4
1	3 	0 	0 	0 
2	0 	0 	0 	0 
3	0 	0 	0 	0 
4	0 	0 	0 	0 
Reconhecimento 15.00 porcento
------------------------------------------------------------------------
	1	2	3	4
1	3 	0 	0 	0 
2	0 	0 	0 	0 
3	0 	0 	0 	0 
4	0 	0 	0 	0 
Reconhecimento 15.00 porcento
------------------------------------------------------------------------
	1	2	3	4
1	3 	0 	0 	0 
2	0 	0 	0 	0 
3	0 	0 	0 	0 
4	0 	0 	0 	0 
Reconhecimento 15.00 porcento
------------------------------------------------------------------------
	1	2	3	4
1	3 	0 	0 	0 
2	0 	0 	0 	0 
3	0 	0 	0 	0 
4	0 	0 	0 	0 
Reconhecimento 15.00 porcento
------------------------------------------------------------------------
	1	2	3	4
1	3 	0 	0 	0 
2	0 	0 	0 	0 
3	0 	0 	0 	0 
4	0 	0 	0 	0 
Reconhecimento 15.00 porcento
------------------------------------------------------------------------
	1	2	3	4
1	3 	0 	0 	0 
2	0 	0 	0 	0 
3	0 	0 	0 	0 
4	0 	0 	0 	0 
Reconhecimento 15.00 porcento
------------------------------------------------------------------------
	1	2	3	4
1	3 	0 	0 	0 
2	0 	0 	0 	0 
3	0 	0 	0 	0 
4	0 	0 	0 	0 
Reconhecimento 15.00 porcento
------------------------------------------------------------------------
	1	2	3	4
1	3 	0 	0 	0 
2	0 	0 	0 	0 
3	0 	0 	0 	0 
4	0 	0 	0 	0 
Reconhecimento 15.00 porcento
------------------------------------------------------------------------
	1	2	3	4
1	3 	0 	0 	0 
2	0 	0 	0 	0 
3	0 	0 	0 	0 
4	0 	0 	0 	0 
Reconhecimento 15.00 porcento
------------------------------------------------------------------------
	1	2	3	4
1	3 	0 	0 	0 
2	0 	0 	0 	0 
3	0 	0 	0 	0 
4	0 	0 	0 	0 
Reconhecimento 15.00 porcento
------------------------------------------------------------------------
	1	2	3	4
1	3 	0 	0 	0 
2	0 	0 	0 	0 
3	0 	0 	0 	0 
4	0 	0 	0 	0 
Reconhecimento 15.00 porcento
------------------------------------------------------------------------
	1	2	3	4
1	3 	0 	0 	0 
2	0 	0 	0 	0 
3	0 	0 	0 	0 
4	0 	0 	0 	0 
Reconhecimento 15.00 porcento
------------------------------------------------------------------------
	1	2	3	4
1	3 	0 	0 	0 
2	0 	0 	0 	0 
3	0 	0 	0 	0 
4	0 	0 	0 	0 
Reconhecimento 15.00 porcento
------------------------------------------------------------------------
	1	2	3	4
1	3 	0 	0 	0 
2	0 	0 	0 	0 
3	0 	0 	0 	0 
4	0 	0 	0 	0 
Reconhecimento 15.00 porcento
------------------------------------------------------------------------
	1	2	3	4
1	2 	0 	0 	0 
2	0 	0 	0 	0 
3	0 	0 	0 	0 
4	0 	0 	0 	0 
Reconhecimento 10.00 porcento
------------------------------------------------------------------------
	1	2	3	4
1	2 	0 	0 	0 
2	0 	0 	0 	0 
3	0 	0 	0 	0 
4	0 	0 	0 	0 
Reconhecimento 10.00 porcento
------------------------------------------------------------------------
	1	2	3	4
1	2 	0 	0 	0 
2	0 	0 	0 	0 
3	0 	0 	0 	0 
4	0 	0 	0 	0 
Reconhecimento 10.00 porcento
------------------------------------------------------------------------
	1	2	3	4
1	2 	0 	0 	0 
2	0 	0 	0 	0 
3	0 	0 	0 	0 
4	0 	0 	0 	0 
Reconhecimento 10.00 porcento
------------------------------------------------------------------------
	1	2	3	4
1	2 	0 	0 	0 
2	0 	0 	0 	0 
3	0 	0 	0 	0 
4	0 	0 	0 	0 
Reconhecimento 10.00 porcento
------------------------------------------------------------------------
	1	2	3	4
1	2 	0 	0 	0 
2	0 	0 	0 	0 
3	0 	0 	0 	0 
4	0 	0 	0 	0 
Reconhecimento 10.00 porcento
------------------------------------------------------------------------
	1	2	3	4
1	2 	0 	0 	0 
2	0 	0 	0 	0 
3	0 	0 	0 	0 
4	0 	0 	0 	0 
Reconhecimento 10.00 porcento
------------------------------------------------------------------------
1
teste
2
teste
3
teste
4
teste
5
teste
6
teste
7
teste
________________________________________________________________________
