20 7
0.172725 0.000257 0.000026 0.000004 0.000000 0.000000 -0.000000 1
0.172519 0.000237 0.000026 0.000004 0.000000 0.000000 -0.000000 1
0.169224 0.000200 0.000023 0.000002 0.000000 0.000000 -0.000000 1
0.204073 0.000945 0.000012 0.000017 0.000000 0.000000 0.000000 1
0.204081 0.000945 0.000012 0.000017 0.000000 0.000000 0.000000 1
0.313818 0.000307 0.000001 0.000018 0.000000 -0.000000 -0.000000 2
0.310608 0.000093 0.000004 0.000018 0.000000 -0.000000 0.000000 2
0.302668 0.000010 0.000003 0.000020 0.000000 0.000000 0.000000 2
0.405829 0.003426 0.000022 0.000130 0.000000 0.000004 0.000000 2
0.292034 0.000382 0.000002 0.000009 0.000000 -0.000000 -0.000000 2
0.453536 0.001098 0.000079 0.000035 0.000000 0.000001 -0.000000 3
0.445003 0.000969 0.000027 0.000023 0.000000 0.000001 0.000000 3
0.271715 0.006810 0.000001 0.000002 0.000000 -0.000000 -0.000000 3
0.552338 0.045316 0.000040 0.000003 0.000000 0.000000 -0.000000 3
0.294147 0.000687 0.000001 0.000005 -0.000000 0.000000 -0.000000 3
0.256708 0.000009 0.009784 0.000023 0.000000 0.000000 -0.000000 4
0.434113 0.000235 0.047420 0.000011 -0.000000 -0.000000 -0.000000 4
0.438195 0.000219 0.049621 0.000012 0.000000 -0.000000 0.000000 4
0.717505 0.000544 0.102510 0.004563 -0.000099 0.000106 -0.000004 4
0.484908 0.013172 0.059630 0.000019 -0.000000 0.000001 -0.000000 4
