20 7
0.171761 0.000238 0.000024 0.000004 0.000000 0.000000 -0.000000 1
0.171477 0.000219 0.000023 0.000003 0.000000 0.000000 -0.000000 1
0.169928 0.000191 0.000022 0.000002 0.000000 0.000000 -0.000000 1
0.201089 0.000850 0.000010 0.000014 0.000000 0.000000 0.000000 1
0.201145 0.000845 0.000010 0.000014 0.000000 0.000000 0.000000 1
0.297150 0.000245 0.000001 0.000012 0.000000 -0.000000 -0.000000 2
0.293300 0.000076 0.000002 0.000013 0.000000 -0.000000 0.000000 2
0.286834 0.000013 0.000001 0.000013 0.000000 0.000000 0.000000 2
0.387449 0.003156 0.000021 0.000115 0.000000 0.000003 0.000000 2
0.279715 0.000339 0.000002 0.000007 0.000000 -0.000000 -0.000000 2
0.443228 0.000900 0.000080 0.000031 0.000000 0.000001 -0.000000 3
0.429172 0.000678 0.000027 0.000018 0.000000 0.000000 0.000000 3
0.265834 0.006650 0.000001 0.000001 0.000000 -0.000000 -0.000000 3
0.602088 0.068981 0.000022 0.000048 0.000000 0.000012 -0.000000 3
0.302258 0.000409 0.000000 0.000005 -0.000000 0.000000 0.000000 3
0.250254 0.000009 0.008910 0.000017 0.000000 0.000000 -0.000000 4
0.422354 0.000212 0.043275 0.000010 -0.000000 -0.000000 -0.000000 4
0.425931 0.000198 0.045143 0.000008 0.000000 -0.000000 0.000000 4
0.628206 0.000095 0.181724 0.013348 -0.000656 -0.000130 -0.000048 4
0.484890 0.013745 0.059406 0.000026 -0.000000 0.000002 0.000000 4
